,mass A,,,
t,θ,ω,α,
0.000,37.4,,
0.017,37.0,-20.9,
0.033,36.7,-29.8,-491.9
0.050,36.0,-38.9,-315.0
0.067,35.4,-39.9,-419.8
0.083,34.7,-50.8,-1048.8
0.100,33.7,-76.2,-969.7
0.117,32.2,-86.0,-296.2
0.133,30.8,-82.9,-149.1
0.150,29.4,-90.9,-882.6
0.167,27.8,-112.1,-1276.1
0.183,25.7,-135.2,-472.1
0.200,23.3,-130.3,169.9
0.217,21.3,-124.4,101.3
0.233,19.2,-130.8,-1019.2
0.250,17.0,-152.1,-506.3
0.267,14.0,-156.6,-17.6
0.283,11.7,-144.5,68.6
0.300,9.2,-158.0,-788.8
0.317,6.5,-170.9,-732.5
0.333,3.5,-182.4,-574.1
0.350,0.4,-190.3,1143.8
0.367,-2.8,-150.3,1005.9
0.383,-4.6,-139.7,-314.0
0.400,-7.5,-175.4,-1036.5
0.417,-10.5,-171.9,778.9
0.433,-13.2,-149.0,253.6
0.450,-15.4,-156.9,1231.9
0.467,-18.4,-124.7,440.3
0.483,-19.6,-116.3,-149.5
0.500,-22.3,-152.5,-403.3
0.517,-24.7,-122.5,860.8
0.533,-26.4,-117.9,281.6
0.550,-28.6,-121.6,553.7
0.567,-30.4,-95.7,846.6
0.583,-31.8,-89.5,231.3
0.600,-33.4,-94.2,627.1
0.617,-34.9,-69.2,1465.0
0.633,-35.7,-40.9,506.6
0.650,-36.3,-50.6,108.6
0.667,-37.4,-46.5,586.2
0.683,-37.8,-22.7,1070.8
0.700,-38.2,-14.2,746.6
0.717,-38.3,2.2,856.9
0.733,-38.1,15.9,545.7
0.750,-37.8,19.9,552.5
0.767,-37.4,32.3,763.6
0.783,-36.7,48.1,631.5
0.800,-35.8,52.7,142.3
0.817,-34.9,52.6,574.8
0.833,-34.1,69.1,728.5
0.850,-32.6,82.4,911.3
0.867,-31.3,93.7,306.8
0.883,-29.5,99.0,1000.3
0.900,-28.0,117.9,1017.3
0.917,-25.6,143.1,460.4
0.933,-23.3,129.5,120.2
0.950,-21.3,141.7,753.2
0.967,-18.5,162.5,1.4
0.983,-15.9,141.1,-763.5
1.000,-13.8,130.1,357.0
1.017,-11.5,156.1,885.3
1.033,-8.6,164.5,287.0
1.050,-6.0,160.2,-155.1
1.067,-3.3,161.8,392.8
1.083,-0.6,170.3,-766.1
1.100,2.4,145.1,181.0
1.117,4.2,157.5,-12.6
1.133,7.6,169.0,1187.8
1.150,9.8,173.6,-1072.4
1.167,13.4,158.6,-713.1
1.183,15.1,124.5,-507.7
1.200,17.6,155.1,792.3
1.217,20.3,151.6,-708.4
1.233,22.6,128.7,-913.2
1.250,24.6,119.3,-548.4
1.267,26.6,113.7,-363.4
1.283,28.4,104.9,-671.6
1.300,30.1,93.5,-330.9
1.317,31.5,90.1,-262.6
1.333,33.1,89.2,-894.0
1.350,34.5,60.2,-1332.6
1.367,35.1,39.7,-708.2
1.383,35.8,40.0,-135.3
1.400,36.4,35.4,-530.5
1.417,37.0,22.5,-789.2
1.433,37.2,7.9,-713.6
1.450,37.2,-1.1,-984.5
1.467,37.2,-22.5,-659.2
1.483,36.5,-29.3,-853.9
1.500,36.2,-41.8,-354.0
1.517,35.1,-51.5,-121.0
1.533,34.5,-38.3,-181.2
1.550,33.8,-57.3,-1377.8
1.567,32.6,-87.5,-749.5
1.583,30.9,-85.2,-709.9
1.600,29.7,-100.9,-882.8
1.617,27.5,-126.1,-185.4
1.633,25.5,-103.8,-107.4
1.650,24.1,-120.6,-503.8
1.667,21.5,-135.5,-432.0
1.683,19.5,-123.6,-721.4
1.700,17.4,-160.2,-1111.4
1.717,14.2,-170.7,-237.0
1.733,11.7,-157.7,903.1
1.750,8.9,-147.3,244.8
1.767,6.8,-142.4,-1200.3
1.783,4.2,-188.0,-1067.5
1.800,0.5,-190.6,452.8
1.817,-2.2,-159.1,1479.1
1.833,-4.8,-147.5,6.4
1.850,-7.1,-153.1,-500.0
1.867,-9.9,-170.6,-443.5
1.883,-12.8,-166.2,312.3
1.900,-15.4,-159.1,1065.7
1.917,-18.1,-134.0,740.1
1.933,-19.9,-126.1,-111.9
1.950,-22.3,-144.8,363.5
1.967,-24.7,-117.3,952.1
1.983,-26.2,-101.4,764.1
2.000,-28.1,-102.6,-12.9
2.017,-29.6,-94.8,361.9
2.033,-31.3,-95.2,139.7
2.050,-32.8,-87.8,630.0
2.067,-34.2,-76.0,1053.2
2.083,-35.3,-52.0,588.5
2.100,-35.9,-52.0,346.5
2.117,-37.0,-48.8,613.8
2.133,-37.6,-25.6,1233.7
2.150,-37.9,-9.7,847.2
2.167,-37.9,4.0,460.1
2.183,-37.8,5.7,602.4
2.200,-37.7,20.4,563.0
2.217,-37.1,30.6,425.4
2.233,-36.7,29.5,560.2
2.250,-36.1,49.8,1107.2
2.267,-35.0,69.1,743.7
2.283,-33.8,73.8,276.6
2.300,-32.6,77.2,544.4
2.317,-31.2,91.3,703.1
2.333,-29.5,103.1,501.0
2.350,-27.8,106.4,921.5
2.367,-26.0,131.2,392.1
2.383,-23.4,129.0,283.3
2.400,-21.7,127.2,648.1
2.417,-19.2,159.3,1057.6
2.433,-16.4,162.8,-530.6
2.450,-13.7,140.7,-336.8
2.467,-11.7,144.9,486.8
2.483,-8.9,165.1,812.1
2.500,-6.2,168.7,448.5
2.517,-3.3,179.9,-253.9
2.533,-0.2,165.1,-1104.3
2.550,2.2,136.4,410.6
2.567,4.4,174.3,261.6
2.583,8.0,165.9,-505.3
2.600,9.9,133.2,-421.8
2.617,12.5,163.3,317.5
2.633,15.4,147.9,-74.5
2.650,17.4,148.1,-130.8
2.667,20.3,157.2,-422.0
2.683,22.6,127.3,-1427.9
2.700,24.5,109.1,-326.7
2.717,26.3,115.0,-327.9
2.733,28.4,105.2,-492.3
2.750,29.8,90.1,-856.6
2.767,31.4,83.3,146.0
2.783,32.5,87.9,-275.0
2.800,34.3,84.0,-1090.0
2.817,35.3,45.4,-1618.7
2.833,35.8,28.2,-549.7
2.850,36.3,29.4,-96.1
2.867,36.8,26.0,-483.8
2.883,37.2,13.0,-939.3
2.900,37.2,-5.7,-948.7
2.917,37.0,-19.8,-784.3
2.933,36.6,-30.5,-622.9
2.950,35.9,-41.3,-257.1
2.967,35.2,-40.0,-341.9
2.983,34.6,-48.6,-569.4
3.000,33.6,-63.7,-925.4
3.017,32.5,-76.1,-726.2
3.033,31.0,-90.5,-468.4
3.050,29.5,-91.2,-713.2
3.067,28.0,-110.2,-677.3
3.083,25.8,-121.6,-414.0
3.100,23.9,-117.4,-167.4
3.117,21.9,-129.3,-771.9
3.133,19.6,-143.0,-804.6
3.150,17.1,-156.5,-16.0
3.167,14.4,-146.5,-179.3
3.183,12.2,-153.7,-379.6
3.200,9.3,-169.2,82.5
3.217,6.6,-147.4,258.4
3.233,4.4,-154.7,-713.0
3.250,1.4,-178.8,-902.6
3.267,-1.6,-182.5,563.8
3.283,-4.6,-162.7,740.1
3.300,-7.0,-150.6,191.5
3.317,-9.7,-161.3,-11.8
3.333,-12.4,-152.1,328.5
3.350,-14.7,-146.1,37.0
3.367,-17.3,-153.7,526.7
3.383,-19.9,-131.7,139.0
3.400,-21.6,-137.5,594.6
3.417,-24.4,-129.5,496.7
3.433,-26.0,-104.0,1210.3
3.450,-27.9,-100.5,187.2
3.467,-29.3,-90.5,241.7
3.483,-30.9,-96.5,314.6
3.500,-32.5,-81.2,458.3
3.517,-33.6,-75.6,552.3
3.533,-35.1,-69.9,636.9
3.550,-36.0,-49.4,1062.8
3.567,-36.7,-36.2,664.8
3.583,-37.2,-26.1,718.1
3.600,-37.6,-14.2,574.2
3.617,-37.6,-4.5,757.5
3.633,-37.7,7.9,852.6
3.650,-37.4,26.6,669.3
3.667,-36.8,30.6,639.8
3.683,-36.4,44.1,487.4
3.700,-35.4,52.7,332.6
3.717,-34.6,50.2,-32.4
3.733,-33.7,54.0,1182.5
3.750,-32.8,84.3,1083.5
3.767,-30.9,101.3,575.5
3.783,-29.4,94.0,145.1
3.800,-27.7,108.9,681.6
3.817,-25.8,117.7,1171.8
3.833,-23.8,143.6,829.9
3.850,-21.0,154.9,-710.4
3.867,-18.7,116.1,-528.3
3.883,-17.1,126.7,1253.8
3.900,-14.4,170.4,775.7
3.917,-11.5,153.4,-329.6
3.933,-9.3,148.2,122.2
3.950,-6.5,167.0,-90.3
3.967,-3.8,145.0,-311.0
3.983,-1.7,147.5,890.4
4.000,1.2,182.6,866.3
4.017,4.4,178.7,-1142.7
4.033,7.1,141.4,-642.0
4.050,9.1,149.2,937.4
4.067,12.1,183.4,-219.9
4.083,15.2,145.2,-277.7
4.100,16.9,155.0,-441.4
4.117,20.4,158.1,-650.1
4.133,22.2,110.4,-1776.6
4.150,24.1,106.5,-33.7
4.167,25.8,107.7,20.4
4.183,27.7,110.0,-70.4
4.200,29.4,103.7,-417.3
4.217,31.1,96.9,-740.7
4.233,32.7,79.9,-977.6
4.250,33.8,62.0,-687.8
4.267,34.7,57.2,-491.2
4.283,35.7,48.0,-669.6
4.300,36.3,32.7,-911.2
4.317,36.8,18.7,-723.9
4.333,36.9,7.4,-844.0
4.350,37.0,-7.3,-591.2
4.367,36.7,-15.8,-389.5
4.383,36.5,-17.0,-504.7
4.400,36.1,-32.8,-788.8
4.417,35.4,-45.6,-407.0
4.433,34.6,-45.5,-241.5
4.450,33.9,-51.8,-1303.5
4.467,32.9,-87.6,-1257.0
4.483,31.0,-102.3,-406.8
4.500,29.5,-92.9,132.4
4.517,27.9,-100.2,-571.9
4.533,26.1,-111.3,-1129.5
4.550,24.2,-136.9,-606.1
4.567,21.6,-138.3,-160.1
4.583,19.5,-133.3,-228.2
4.600,17.1,-150.7,-708.0
4.617,14.5,-156.9,210.0
4.633,11.9,-144.8,5.3
4.650,9.7,-150.1,-256.7
4.667,6.9,-161.3,-28.8
4.683,4.3,-147.6,-453.7
4.700,2.0,-171.2,-219.9
4.717,-1.4,-169.1,50.1
4.733,-3.7,-153.6,73.0
4.750,-6.5,-175.4,-468.7
4.767,-9.5,-169.8,753.6
4.783,-12.2,-148.1,1116.1
4.800,-14.5,-131.7,544.2
4.817,-16.6,-129.6,-489.1
4.833,-18.8,-147.6,-176.9
4.850,-21.5,-142.1,367.3
4.867,-23.5,-126.7,757.2
4.883,-25.7,-122.5,558.0
4.900,-27.6,-105.9,849.5
4.917,-29.2,-94.0,309.9
4.933,-30.7,-94.6,606.7
4.950,-32.4,-78.9,690.6
4.967,-33.4,-64.0,535.0
4.983,-34.5,-66.3,217.5
5.000,-35.6,-55.8,1028.4
5.017,-36.4,-32.9,919.5
5.033,-36.7,-20.9,468.1
5.050,-37.1,-21.3,296.5
5.067,-37.4,-10.4,951.6
5.083,-37.4,10.1,861.3
5.100,-37.0,21.3,460.8
5.117,-36.7,22.5,383.6
5.133,-36.3,34.1,730.7
5.150,-35.6,48.0,682.1
5.167,-34.7,56.8,415.1
5.183,-33.7,61.7,388.3
5.200,-32.6,69.0,822.0
5.217,-31.4,88.4,813.6
5.233,-29.7,99.7,951.3
5.250,-28.1,114.8,925.8
5.267,-25.9,135.6,723.3
5.283,-23.5,137.4,758.8
5.300,-21.3,157.2,-814.3
5.317,-18.3,124.1,-864.1
5.333,-17.1,104.9,55.4
5.350,-14.8,143.2,2015.7
5.367,-12.4,165.4,1295.6
5.383,-9.3,190.4,-58.8
5.400,-6.0,166.7,-1184.5
5.417,-3.7,141.0,-614.0
5.433,-1.3,150.8,872.2
5.450,1.3,169.4,414.9
5.467,4.3,169.3,-290.5
5.483,6.9,154.5,-131.8
5.500,9.5,164.4,-266.0
5.517,12.4,152.7,-431.5
5.533,14.6,140.0,-764.5
5.550,17.1,135.9,-73.6
5.567,19.1,130.3,-587.2
5.583,21.4,123.5,49.1
5.600,23.2,123.6,-248.8
5.617,25.5,124.5,-413.0
5.633,27.4,103.8,-863.5
5.650,29.0,96.7,-417.7
5.667,30.6,90.6,-447.1
5.683,32.0,81.6,-261.9
5.700,33.3,80.5,-696.9
5.717,34.7,63.2,-937.8
5.733,35.4,42.6,-1094.2
5.750,36.1,31.6,-685.7
5.767,36.5,16.8,-699.4
5.783,36.7,9.6,-610.0
5.800,36.8,-3.0,-794.0
5.817,36.6,-17.9,-748.1
5.833,36.2,-28.0,-329.3
5.850,35.7,-29.4,-145.2
5.867,35.2,-31.0,-605.5
5.883,34.6,-49.1,-1032.7
5.900,33.6,-68.2,-1049.0
5.917,32.4,-82.2,-641.5
5.933,30.8,-91.4,-116.1
5.950,29.3,-85.7,-326.7
5.967,28.0,-97.9,-354.0
5.983,26.0,-105.1,-1382.1
6.000,24.5,-132.7,36.9
6.017,21.6,-123.3,-303.1
6.033,20.4,-117.5,-361.6
6.050,17.7,-155.1,-1381.6
6.067,15.2,-155.4,26.4
6.083,12.5,-156.7,-291.7
6.100,10.0,-162.0,133.0
6.117,7.1,-157.5,17.5
6.133,4.7,-154.7,-389.8
6.150,2.0,-174.3,-126.3
6.167,-1.1,-162.8,-41.5
6.183,-3.5,-165.4,87.1
6.200,-6.6,-171.6,27.9
6.217,-9.2,-156.3,698.1
6.233,-11.8,-151.9,96.5
6.250,-14.2,-150.6,-80.8
6.267,-16.8,-156.5,609.6
6.283,-19.5,-133.5,1084.1
6.300,-21.3,-112.7,577.8
6.317,-23.2,-118.4,18.0
6.333,-25.2,-113.9,-50.6
6.350,-27.0,-116.2,156.9
6.367,-29.1,-113.2,631.9
6.383,-30.8,-91.5,1154.4
6.400,-32.2,-75.1,473.3
6.417,-33.3,-74.4,445.7
6.433,-34.6,-65.0,786.1
6.450,-35.5,-43.8,666.5
6.467,-36.1,-42.6,699.4
6.483,-36.9,-25.8,666.6
6.500,-37.0,-12.6,669.6
6.517,-37.3,-10.4,325.6
6.533,-37.3,2.2,846.3
6.550,-37.2,15.4,794.9
6.567,-36.8,31.0,714.0
6.583,-36.2,38.5,287.9
6.600,-35.5,40.9,315.0
6.617,-34.8,47.4,569.5
6.633,-33.9,61.0,1304.1
6.650,-32.8,88.7,909.8
6.667,-31.0,98.2,313.1
6.683,-29.5,92.0,813.9
6.700,-27.9,124.7,987.5
6.717,-25.4,134.3,295.0
6.733,-23.4,124.5,-467.3
6.750,-21.2,124.5,192.0
6.767,-19.3,126.3,-427.6
6.783,-17.0,116.8,600.3
6.800,-15.4,134.3,1576.3
6.817,-12.5,181.0,480.7
6.834,-9.3,153.5,-670.8
6.850,-7.4,142.6,-2.3
6.867,-4.6,166.8,725.4
6.884,-1.9,162.4,316.5
6.900,0.8,175.2,224.1
6.917,4.0,176.2,-568.4
6.934,6.7,151.9,-364.3
6.950,9.0,160.1,403.8
6.967,12.0,173.2,-456.0
6.984,14.8,143.8,-1175.2
7.000,16.8,127.3,63.8
7.017,19.1,149.1,-108.6
7.034,21.8,131.6,-652.7
7.050,23.4,113.8,-535.5
7.067,25.6,123.3,71.0
7.084,27.6,113.3,-855.7
7.100,29.4,96.8,-995.5
7.117,30.8,78.0,-306.6
7.134,32.0,83.7,-91.6
7.150,33.6,81.3,-1100.8
7.167,34.7,44.5,-1194.8
7.184,35.1,35.5,-453.3
7.200,35.9,37.8,-337.2
7.217,36.3,20.3,-628.5
7.234,36.5,16.1,
7.250,36.9,,
