t,x,y,vx,vy,v,
0.000,0.350,0.107,,,
0.017,0.349,0.104,-0.107,-0.186,0.215
0.033,0.347,0.100,-0.213,-0.186,0.283
0.050,0.341,9.767E-2,-0.320,-0.186,0.370
0.067,0.336,9.412E-2,-0.293,-0.240,0.379
0.083,0.332,8.968E-2,-0.400,-0.266,0.480
0.100,0.323,8.524E-2,-0.585,-0.426,0.724
0.117,0.312,7.547E-2,-0.692,-0.426,0.813
0.133,0.300,7.103E-2,-0.693,-0.373,0.787
0.150,0.289,6.304E-2,-0.746,-0.426,0.859
0.167,0.275,5.683E-2,-0.985,-0.400,1.063
0.183,0.256,4.973E-2,-1.172,-0.506,1.277
0.200,0.236,3.996E-2,-1.119,-0.506,1.228
0.217,0.219,3.286E-2,-1.128,-0.322,1.173
0.233,0.199,2.931E-2,-1.198,-0.293,1.233
0.250,0.179,2.309E-2,-1.320,-0.581,1.442
0.267,0.154,9.774E-3,-1.412,-0.400,1.467
0.283,0.132,9.774E-3,-1.358,-0.160,1.368
0.300,0.109,4.447E-3,-1.465,-0.213,1.480
0.317,8.309E-2,2.671E-3,-1.598,-0.133,1.604
0.333,5.557E-2,7.559E-6,-1.705,-0.160,1.712
0.350,2.627E-2,-2.656E-3,-1.785,-5.327E-2,1.785
0.367,-3.915E-3,-1.768E-3,-1.412,5.327E-2,1.413
0.383,-2.078E-2,-8.803E-4,-1.305,0.133,1.312
0.400,-4.742E-2,2.671E-3,-1.625,0.266,1.646
0.417,-7.494E-2,7.998E-3,-1.598,0.240,1.616
0.433,-0.101,1.066E-2,-1.358,0.320,1.395
0.450,-0.120,1.865E-2,-1.414,0.427,1.477
0.467,-0.148,2.487E-2,-1.172,0.186,1.187
0.483,-0.159,2.487E-2,-1.039,0.346,1.095
0.500,-0.182,3.641E-2,-1.305,0.613,1.442
0.517,-0.203,4.529E-2,-1.037,0.505,1.154
0.533,-0.217,5.328E-2,-0.959,0.560,1.110
0.550,-0.235,6.393E-2,-1.012,0.533,1.144
0.567,-0.251,7.103E-2,-0.794,0.423,0.900
0.583,-0.261,7.814E-2,-0.693,0.479,0.842
0.600,-0.274,8.702E-2,-0.724,0.509,0.885
0.617,-0.285,9.501E-2,-0.532,0.373,0.650
0.633,-0.292,9.945E-2,-0.320,0.213,0.384
0.650,-0.296,0.102,-0.373,0.293,0.475
0.667,-0.304,0.109,-0.346,0.266,0.437
0.683,-0.308,0.111,-0.186,0.107,0.215
0.700,-0.310,0.113,-0.107,7.999E-2,0.133
0.717,-0.311,0.114,2.664E-2,0.000,2.664E-2
0.733,-0.309,0.113,0.106,-0.106,0.151
0.750,-0.308,0.110,0.133,-0.133,0.188
0.767,-0.305,0.108,0.240,-0.186,0.304
0.783,-0.300,0.104,0.346,-0.293,0.454
0.800,-0.293,9.856E-2,0.400,-0.293,0.495
0.817,-0.286,9.412E-2,0.400,-0.293,0.495
0.833,-0.280,8.879E-2,0.533,-0.373,0.650
0.850,-0.268,8.169E-2,0.666,-0.400,0.777
0.867,-0.258,7.547E-2,0.772,-0.426,0.882
0.883,-0.243,6.748E-2,0.799,-0.479,0.932
0.900,-0.231,5.949E-2,0.985,-0.506,1.108
0.917,-0.210,5.061E-2,1.225,-0.559,1.347
0.933,-0.190,4.085E-2,1.065,-0.613,1.229
0.950,-0.174,3.019E-2,1.199,-0.613,1.346
0.967,-0.150,2.043E-2,1.492,-0.373,1.537
0.983,-0.125,1.776E-2,1.332,-0.186,1.345
1.000,-0.106,1.421E-2,1.199,-0.240,1.222
1.017,-8.471E-2,9.774E-3,1.438,-0.266,1.463
1.033,-5.807E-2,5.335E-3,1.520,-0.267,1.543
1.050,-3.410E-2,8.954E-4,1.492,-0.160,1.500
1.067,-8.354E-3,7.559E-6,1.516,-0.106,1.520
1.083,1.651E-2,-2.656E-3,1.598,-7.991E-2,1.600
1.100,4.492E-2,-2.656E-3,1.358,0.107,1.363
1.117,6.178E-2,8.954E-4,1.465,0.213,1.480
1.133,9.375E-2,4.447E-3,1.571,0.186,1.582
1.150,0.114,7.110E-3,1.598,0.293,1.625
1.167,0.147,1.421E-2,1.465,0.266,1.489
1.183,0.163,1.599E-2,1.145,0.240,1.170
1.200,0.185,2.220E-2,1.385,0.453,1.457
1.217,0.209,3.108E-2,1.332,0.506,1.425
1.233,0.230,3.907E-2,1.145,0.400,1.213
1.250,0.247,4.440E-2,1.039,0.426,1.123
1.267,0.264,5.328E-2,0.959,0.479,1.072
1.283,0.279,6.038E-2,0.879,0.453,0.989
1.300,0.294,6.837E-2,0.772,0.426,0.882
1.317,0.305,7.459E-2,0.719,0.453,0.850
1.333,0.317,8.346E-2,0.693,0.479,0.842
1.350,0.328,9.057E-2,0.506,0.266,0.572
1.367,0.334,9.234E-2,0.346,0.160,0.381
1.383,0.340,9.589E-2,0.293,0.240,0.379
1.400,0.344,0.100,0.240,0.240,0.339
1.417,0.348,0.104,0.186,0.106,0.215
1.433,0.350,0.104,5.327E-2,5.327E-2,7.534E-2
1.450,0.349,0.106,-5.327E-2,5.327E-2,7.534E-2
1.467,0.349,0.106,-0.107,-0.213,0.238
1.483,0.346,9.856E-2,-0.186,-0.213,0.283
1.500,0.342,9.856E-2,-0.373,-0.160,0.406
1.517,0.333,9.323E-2,-0.426,-0.240,0.489
1.533,0.328,9.057E-2,-0.293,-0.213,0.362
1.550,0.324,8.613E-2,-0.453,-0.293,0.540
1.567,0.313,8.080E-2,-0.693,-0.453,0.827
1.583,0.301,7.103E-2,-0.666,-0.453,0.805
1.600,0.291,6.571E-2,-0.826,-0.479,0.955
1.617,0.273,5.505E-2,-1.065,-0.533,1.191
1.633,0.255,4.795E-2,-0.932,-0.320,0.985
1.650,0.242,4.440E-2,-1.065,-0.400,1.138
1.667,0.220,3.463E-2,-1.199,-0.426,1.272
1.683,0.202,3.019E-2,-1.092,-0.400,1.163
1.700,0.183,2.132E-2,-1.438,-0.426,1.500
1.717,0.154,1.599E-2,-1.571,-0.320,1.604
1.733,0.131,1.066E-2,-1.438,-0.346,1.479
1.750,0.106,4.447E-3,-1.358,-0.240,1.379
1.767,8.576E-2,2.671E-3,-1.332,-0.107,1.336
1.783,6.178E-2,8.954E-4,-1.758,-0.133,1.763
1.800,2.716E-2,-1.768E-3,-1.785,-5.327E-2,1.785
1.817,2.300E-3,-8.803E-4,-1.492,5.327E-2,1.493
1.833,-2.256E-2,7.559E-6,-1.385,5.327E-2,1.386
1.850,-4.387E-2,8.954E-4,-1.438,0.107,1.442
1.867,-7.050E-2,3.559E-3,-1.571,0.320,1.604
1.883,-9.625E-2,1.155E-2,-1.492,0.479,1.567
1.900,-0.120,1.954E-2,-1.438,0.400,1.493
1.917,-0.144,2.487E-2,-1.225,0.293,1.260
1.933,-0.161,2.931E-2,-1.092,0.453,1.182
1.950,-0.181,3.996E-2,-1.252,0.533,1.360
1.967,-0.203,4.706E-2,-1.039,0.373,1.104
1.983,-0.215,5.239E-2,-0.852,0.426,0.953
2.000,-0.231,6.127E-2,-0.852,0.453,0.965
2.017,-0.244,6.748E-2,-0.799,0.400,0.893
2.033,-0.258,7.459E-2,-0.772,0.453,0.895
2.050,-0.269,8.258E-2,-0.693,0.453,0.827
2.067,-0.281,8.968E-2,-0.613,0.373,0.717
2.083,-0.290,9.501E-2,-0.373,0.320,0.491
2.100,-0.293,0.100,-0.373,0.320,0.491
2.117,-0.302,0.106,-0.373,0.266,0.458
2.133,-0.306,0.109,-0.160,0.186,0.246
2.150,-0.308,0.112,-5.327E-2,7.991E-2,9.603E-2
2.167,-0.308,0.112,2.664E-2,-2.664E-2,3.767E-2
2.183,-0.307,0.111,2.663E-2,-5.325E-2,5.954E-2
2.200,-0.307,0.110,0.160,-0.107,0.192
2.217,-0.301,0.107,0.240,-0.160,0.288
2.233,-0.299,0.105,0.186,-0.213,0.283
2.250,-0.295,0.100,0.346,-0.320,0.471
2.267,-0.287,9.412E-2,0.533,-0.373,0.650
2.283,-0.277,8.790E-2,0.586,-0.373,0.695
2.300,-0.268,8.169E-2,0.639,-0.346,0.727
2.317,-0.256,7.636E-2,0.746,-0.426,0.859
2.333,-0.243,6.748E-2,0.826,-0.506,0.968
2.350,-0.229,5.949E-2,0.852,-0.533,1.005
2.367,-0.214,4.973E-2,1.065,-0.639,1.242
2.383,-0.193,3.818E-2,1.172,-0.346,1.222
2.400,-0.175,3.818E-2,1.172,-0.293,1.208
2.417,-0.154,2.842E-2,1.386,-0.560,1.495
2.433,-0.129,1.954E-2,1.465,-0.426,1.526
2.450,-0.105,1.421E-2,1.304,-0.213,1.322
2.467,-8.560E-2,1.244E-2,1.332,-0.266,1.358
2.483,-6.074E-2,5.335E-3,1.518,-0.266,1.541
2.500,-3.499E-2,3.559E-3,1.572,-0.160,1.580
2.517,-8.354E-3,7.559E-6,1.678,-0.186,1.688
2.533,2.094E-2,-2.656E-3,1.544,2.663E-2,1.545
2.550,4.314E-2,8.954E-4,1.278,7.991E-2,1.281
2.567,6.356E-2,7.559E-6,1.627,0.107,1.630
2.583,9.730E-2,4.447E-3,1.545,0.186,1.556
2.600,0.115,6.222E-3,1.224,0.239,1.247
2.617,0.138,1.244E-2,1.492,0.346,1.531
2.633,0.165,1.776E-2,1.332,0.373,1.383
2.650,0.183,2.487E-2,1.332,0.400,1.390
2.667,0.209,3.108E-2,1.412,0.426,1.475
2.683,0.230,3.907E-2,1.119,0.426,1.197
2.700,0.246,4.529E-2,0.932,0.426,1.025
2.717,0.261,5.328E-2,0.985,0.453,1.085
2.733,0.279,6.038E-2,0.879,0.453,0.989
2.750,0.290,6.837E-2,0.719,0.453,0.850
2.767,0.303,7.547E-2,0.639,0.453,0.783
2.783,0.311,8.346E-2,0.693,0.453,0.827
2.800,0.326,9.057E-2,0.719,0.346,0.798
2.817,0.335,9.501E-2,0.373,0.213,0.429
2.833,0.339,9.767E-2,0.213,0.160,0.266
2.850,0.342,0.100,0.186,0.213,0.283
2.867,0.345,0.105,0.186,0.160,0.246
2.883,0.349,0.106,0.133,2.664E-2,0.136
2.900,0.349,0.106,-2.664E-2,-5.327E-2,5.956E-2
2.917,0.348,0.104,-0.133,-0.133,0.188
2.933,0.345,0.101,-0.240,-0.160,0.288
2.950,0.340,9.856E-2,-0.346,-0.186,0.393
2.967,0.333,9.501E-2,-0.293,-0.239,0.378
2.983,0.330,9.057E-2,-0.373,-0.266,0.458
3.000,0.321,8.613E-2,-0.560,-0.240,0.609
3.017,0.311,8.258E-2,-0.613,-0.373,0.717
3.033,0.301,7.370E-2,-0.719,-0.453,0.850
3.050,0.287,6.748E-2,-0.746,-0.426,0.859
3.067,0.276,5.949E-2,-0.879,-0.559,1.042
3.083,0.258,4.884E-2,-1.039,-0.479,1.144
3.100,0.241,4.351E-2,-1.065,-0.320,1.112
3.117,0.222,3.818E-2,-1.119,-0.479,1.217
3.133,0.204,2.753E-2,-1.252,-0.479,1.341
3.150,0.181,2.220E-2,-1.438,-0.320,1.473
3.167,0.156,1.688E-2,-1.358,-0.213,1.375
3.183,0.135,1.510E-2,-1.412,-0.266,1.437
3.200,0.109,7.998E-3,-1.545,-0.320,1.578
3.217,8.398E-2,4.447E-3,-1.358,-0.266,1.384
3.233,6.356E-2,-8.803E-4,-1.438,-0.186,1.450
3.250,3.604E-2,-1.768E-3,-1.678,0.000,1.678
3.267,7.627E-3,-8.803E-4,-1.705,0.133,1.710
3.283,-2.078E-2,2.671E-3,-1.518,0.133,1.524
3.300,-4.298E-2,3.559E-3,-1.412,7.991E-2,1.414
3.317,-6.784E-2,5.335E-3,-1.492,0.240,1.511
3.333,-9.270E-2,1.155E-2,-1.385,0.346,1.428
3.350,-0.114,1.688E-2,-1.332,0.320,1.370
3.367,-0.137,2.220E-2,-1.385,0.399,1.441
3.383,-0.160,3.019E-2,-1.171,0.399,1.237
3.400,-0.176,3.552E-2,-1.199,0.479,1.291
3.417,-0.200,4.618E-2,-1.119,0.479,1.217
3.433,-0.213,5.150E-2,-0.879,0.426,0.977
3.450,-0.229,6.038E-2,-0.799,0.506,0.946
3.467,-0.240,6.837E-2,-0.719,0.453,0.850
3.483,-0.253,7.547E-2,-0.799,0.426,0.906
3.500,-0.267,8.258E-2,-0.666,0.373,0.763
3.517,-0.276,8.790E-2,-0.586,0.400,0.709
3.533,-0.286,9.589E-2,-0.559,0.346,0.658
3.550,-0.294,9.945E-2,-0.400,0.240,0.466
3.567,-0.300,0.104,-0.266,0.213,0.341
3.583,-0.303,0.107,-0.186,0.160,0.246
3.600,-0.306,0.109,-0.107,7.991E-2,0.133
3.617,-0.307,0.109,-5.325E-2,0.000,5.325E-2
3.633,-0.308,0.109,5.327E-2,-5.327E-2,7.534E-2
3.650,-0.305,0.107,0.213,-0.133,0.251
3.667,-0.300,0.105,0.240,-0.160,0.288
3.683,-0.297,0.102,0.320,-0.266,0.416
3.700,-0.290,9.589E-2,0.400,-0.293,0.496
3.717,-0.284,9.234E-2,0.426,-0.213,0.476
3.733,-0.276,8.879E-2,0.399,-0.319,0.511
3.750,-0.270,8.169E-2,0.666,-0.426,0.791
3.767,-0.253,7.459E-2,0.826,-0.479,0.955
3.783,-0.243,6.571E-2,0.772,-0.426,0.882
3.800,-0.228,6.038E-2,0.959,-0.373,1.029
3.817,-0.211,5.328E-2,0.983,-0.505,1.105
3.833,-0.195,4.351E-2,1.172,-0.692,1.361
3.850,-0.172,3.019E-2,1.308,-0.667,1.469
3.867,-0.151,2.132E-2,1.065,-0.266,1.098
3.883,-0.136,2.132E-2,1.199,-0.160,1.209
3.900,-0.111,1.599E-2,1.545,-0.426,1.603
3.917,-8.471E-2,7.110E-3,1.411,-0.266,1.436
3.933,-6.429E-2,7.110E-3,1.385,-0.160,1.394
3.950,-3.854E-2,1.783E-3,1.545,-0.266,1.568
3.967,-1.279E-2,-1.768E-3,1.358,-5.327E-2,1.359
3.983,6.739E-3,7.559E-6,1.385,2.664E-2,1.385
4.000,3.337E-2,-8.803E-4,1.705,7.991E-2,1.707
4.017,6.356E-2,2.671E-3,1.678,5.327E-2,1.679
4.033,8.931E-2,8.954E-4,1.305,0.186,1.318
4.050,0.107,8.886E-3,1.332,0.479,1.415
4.067,0.134,1.688E-2,1.651,0.426,1.705
4.083,0.162,2.309E-2,1.332,0.240,1.353
4.100,0.178,2.487E-2,1.422,0.295,1.452
4.117,0.209,3.286E-2,1.438,0.373,1.486
4.133,0.226,3.730E-2,0.978,0.344,1.037
4.150,0.242,4.440E-2,0.906,0.426,1.001
4.167,0.256,5.150E-2,0.932,0.400,1.014
4.183,0.273,5.772E-2,0.930,0.452,1.034
4.200,0.287,6.660E-2,0.852,0.479,0.978
4.217,0.302,7.370E-2,0.774,0.480,0.911
4.233,0.313,8.258E-2,0.585,0.479,0.756
4.250,0.321,8.968E-2,0.506,0.293,0.585
4.267,0.330,9.234E-2,0.506,0.213,0.549
4.283,0.338,9.678E-2,0.346,0.293,0.454
4.300,0.341,0.102,0.186,0.266,0.325
4.317,0.344,0.106,0.160,7.991E-2,0.179
4.333,0.347,0.105,0.107,-2.664E-2,0.110
4.350,0.348,0.105,-2.664E-2,-7.991E-2,8.423E-2
4.367,0.346,0.102,-0.107,-0.107,0.151
4.383,0.344,0.101,-0.160,-5.334E-2,0.169
4.400,0.341,0.100,-0.266,-0.160,0.311
4.417,0.335,9.589E-2,-0.319,-0.293,0.433
4.433,0.330,9.057E-2,-0.373,-0.213,0.429
4.450,0.323,8.879E-2,-0.479,-0.160,0.505
4.467,0.314,8.524E-2,-0.640,-0.533,0.833
4.483,0.302,7.103E-2,-0.799,-0.533,0.960
4.500,0.287,6.748E-2,-0.825,-0.319,0.885
4.517,0.274,6.038E-2,-0.799,-0.506,0.946
4.533,0.261,5.061E-2,-0.930,-0.478,1.046
4.550,0.243,4.440E-2,-1.198,-0.479,1.290
4.567,0.221,3.463E-2,-1.227,-0.427,1.299
4.583,0.202,3.019E-2,-1.172,-0.453,1.256
4.600,0.182,1.954E-2,-1.332,-0.479,1.415
4.617,0.158,1.421E-2,-1.473,-0.177,1.483
4.633,0.133,1.365E-2,-1.354,-0.149,1.363
4.650,0.113,9.259E-3,-1.373,-0.282,1.402
4.667,8.677E-2,4.237E-3,-1.488,-0.245,1.508
4.683,6.291E-2,1.098E-3,-1.375,-0.132,1.381
4.700,4.094E-2,-1.579E-4,-1.601,0.000,1.601
4.717,9.552E-3,1.098E-3,-1.582,3.767E-2,1.582
4.733,-1.179E-2,1.098E-3,-1.431,9.417E-2,1.434
4.750,-3.816E-2,4.237E-3,-1.620,0.245,1.638
4.767,-6.578E-2,9.259E-3,-1.563,0.264,1.585
4.783,-9.027E-2,1.303E-2,-1.356,0.264,1.381
4.800,-0.111,1.805E-2,-1.187,0.320,1.229
4.817,-0.130,2.370E-2,-1.168,0.320,1.211
4.833,-0.150,2.872E-2,-1.300,0.452,1.376
4.850,-0.173,3.876E-2,-1.243,0.471,1.329
4.867,-0.191,4.441E-2,-1.111,0.414,1.186
4.883,-0.210,5.258E-2,-1.036,0.490,1.146
4.900,-0.226,6.074E-2,-0.904,0.414,0.994
4.917,-0.240,6.639E-2,-0.810,0.358,0.885
4.933,-0.253,7.266E-2,-0.753,0.471,0.888
4.950,-0.265,8.208E-2,-0.603,0.433,0.742
4.967,-0.273,8.710E-2,-0.509,0.320,0.601
4.983,-0.282,9.275E-2,-0.509,0.358,0.622
5.000,-0.290,9.903E-2,-0.414,0.320,0.524
5.017,-0.296,0.103,-0.245,0.188,0.309
5.033,-0.298,0.105,-0.132,0.151,0.200
5.050,-0.301,0.108,-0.151,0.132,0.200
5.067,-0.303,0.110,-9.417E-2,3.767E-2,0.101
5.083,-0.304,0.110,7.531E-2,-5.648E-2,9.414E-2
5.100,-0.301,0.108,0.151,-0.132,0.200
5.117,-0.299,0.105,0.151,-0.151,0.213
5.133,-0.296,0.103,0.245,-0.207,0.321
5.150,-0.291,9.840E-2,0.339,-0.301,0.454
5.167,-0.284,9.275E-2,0.452,-0.283,0.533
5.183,-0.275,8.899E-2,0.509,-0.283,0.582
5.200,-0.267,8.334E-2,0.527,-0.377,0.648
5.217,-0.258,7.643E-2,0.697,-0.452,0.831
5.233,-0.244,6.827E-2,0.810,-0.471,0.937
5.250,-0.231,6.074E-2,0.961,-0.490,1.078
5.267,-0.212,5.195E-2,1.168,-0.509,1.274
5.283,-0.192,4.379E-2,1.111,-0.697,1.312
5.300,-0.175,2.872E-2,1.337,-0.640,1.483
5.317,-0.147,2.244E-2,1.187,-0.151,1.196
5.333,-0.135,2.370E-2,0.979,-0.170,0.994
5.350,-0.115,1.679E-2,1.300,-0.320,1.338
5.367,-9.215E-2,1.303E-2,1.526,-0.264,1.548
5.383,-6.390E-2,8.003E-3,1.752,-0.320,1.781
5.400,-3.377E-2,2.353E-3,1.544,-0.207,1.558
5.417,-1.242E-2,1.098E-3,1.318,-3.767E-2,1.319
5.433,1.018E-2,1.098E-3,1.413,-0.132,1.419
5.450,3.466E-2,-3.297E-3,1.582,1.883E-2,1.582
5.467,6.291E-2,1.725E-3,1.582,0.170,1.591
5.483,8.740E-2,2.353E-3,1.431,0.188,1.444
5.500,0.111,8.003E-3,1.507,0.320,1.540
5.517,0.138,1.303E-2,1.394,0.301,1.426
5.533,0.157,1.805E-2,1.281,0.283,1.311
5.550,0.180,2.244E-2,1.224,0.339,1.270
5.567,0.198,2.935E-2,1.149,0.414,1.221
5.583,0.219,3.625E-2,1.111,0.339,1.162
5.600,0.235,4.065E-2,1.111,0.358,1.167
5.617,0.256,4.818E-2,1.074,0.471,1.172
5.633,0.271,5.634E-2,0.848,0.490,0.979
5.650,0.284,6.450E-2,0.791,0.452,0.911
5.667,0.297,7.141E-2,0.735,0.433,0.853
5.683,0.308,7.894E-2,0.659,0.396,0.769
5.700,0.319,8.459E-2,0.622,0.433,0.758
5.717,0.329,9.338E-2,0.490,0.339,0.596
5.733,0.335,9.589E-2,0.358,0.188,0.404
5.750,0.341,9.966E-2,0.245,0.170,0.298
5.767,0.344,0.102,0.113,0.113,0.160
5.783,0.345,0.103,5.650E-2,7.533E-2,9.417E-2
5.800,0.345,0.104,-2.398E-2,-1.528E-2,2.843E-2
5.817,0.344,0.103,-0.110,-0.135,0.174
5.833,0.342,9.956E-2,-0.252,-0.101,0.271
5.850,0.336,9.956E-2,-0.268,-0.101,0.287
5.867,0.333,9.620E-2,-0.168,-0.268,0.317
5.883,0.330,9.061E-2,-0.386,-0.252,0.461
5.900,0.320,8.781E-2,-0.571,-0.302,0.646
5.917,0.311,8.054E-2,-0.638,-0.436,0.773
5.933,0.299,7.327E-2,-0.722,-0.470,0.861
5.950,0.287,6.488E-2,-0.671,-0.453,0.810
5.967,0.276,5.817E-2,-0.822,-0.419,0.923
5.983,0.260,5.090E-2,-0.906,-0.403,0.992
6.000,0.246,4.475E-2,-1.158,-0.470,1.250
6.017,0.221,3.524E-2,-1.107,-0.352,1.162
6.033,0.209,3.300E-2,-1.057,-0.319,1.104
6.050,0.186,2.461E-2,-1.394,-0.403,1.451
6.067,0.163,1.958E-2,-1.426,-0.285,1.455
6.083,0.138,1.510E-2,-1.425,-0.335,1.464
6.100,0.115,8.390E-3,-1.477,-0.336,1.514
6.117,8.893E-2,3.915E-3,-1.460,-0.185,1.471
6.133,6.656E-2,2.237E-3,-1.443,-0.117,1.448
6.150,4.083E-2,-1.110E-16,-1.628,-6.712E-2,1.629
6.167,1.231E-2,-1.110E-16,-1.527,-5.034E-2,1.528
6.183,-1.007E-2,-1.678E-3,-1.544,0.101,1.547
6.200,-3.915E-2,3.356E-3,-1.577,0.336,1.613
6.217,-6.265E-2,9.509E-3,-1.443,0.235,1.462
6.233,-8.726E-2,1.119E-2,-1.393,0.252,1.415
6.250,-0.109,1.790E-2,-1.359,0.369,1.408
6.267,-0.133,2.349E-2,-1.410,0.386,1.461
6.283,-0.156,3.076E-2,-1.175,0.419,1.247
6.300,-0.172,3.748E-2,-0.973,0.403,1.053
6.317,-0.188,4.419E-2,-1.024,0.419,1.106
6.333,-0.206,5.146E-2,-0.978,0.422,1.065
6.350,-0.221,5.817E-2,-0.990,0.453,1.088
6.367,-0.239,6.656E-2,-0.934,0.501,1.060
6.383,-0.252,7.495E-2,-0.738,0.436,0.858
6.400,-0.263,8.110E-2,-0.621,0.336,0.706
6.417,-0.273,8.614E-2,-0.604,0.352,0.699
6.433,-0.284,9.285E-2,-0.486,0.369,0.611
6.450,-0.289,9.844E-2,-0.302,0.285,0.415
6.467,-0.294,0.102,-0.336,0.218,0.400
6.483,-0.300,0.106,-0.201,0.134,0.242
6.500,-0.300,0.107,-8.438E-2,8.438E-2,0.119
6.517,-0.303,0.109,-8.387E-2,5.032E-2,9.781E-2
6.533,-0.303,0.109,0.000,-3.336E-2,3.336E-2
6.550,-0.303,0.107,6.719E-2,-0.151,0.165
6.567,-0.301,0.103,0.201,-0.218,0.297
6.583,-0.296,0.100,0.302,-0.201,0.363
6.600,-0.291,9.676E-2,0.352,-0.168,0.390
6.617,-0.285,9.453E-2,0.403,-0.201,0.450
6.633,-0.277,9.005E-2,0.487,-0.302,0.573
6.650,-0.268,8.446E-2,0.688,-0.470,0.833
6.667,-0.254,7.439E-2,0.772,-0.503,0.922
6.683,-0.243,6.768E-2,0.755,-0.419,0.864
6.700,-0.229,6.041E-2,1.040,-0.537,1.171
6.717,-0.208,4.978E-2,1.141,-0.537,1.261
6.733,-0.191,4.251E-2,1.091,-0.419,1.169
6.750,-0.172,3.580E-2,1.091,-0.419,1.169
6.767,-0.155,2.853E-2,1.107,-0.419,1.184
6.783,-0.135,2.181E-2,1.057,-0.285,1.095
6.800,-0.120,1.902E-2,1.208,-0.369,1.263
6.817,-9.453E-2,9.509E-3,1.644,-0.419,1.697
6.834,-6.488E-2,5.034E-3,1.426,-0.218,1.443
6.850,-4.698E-2,2.237E-3,1.326,-0.201,1.341
6.867,-2.070E-2,-1.678E-3,1.561,-0.151,1.568
6.884,5.034E-3,-2.797E-3,1.527,0.000,1.527
6.900,3.020E-2,-1.678E-3,1.644,6.712E-2,1.646
6.917,5.985E-2,-5.593E-4,1.644,0.151,1.651
6.934,8.502E-2,3.356E-3,1.410,0.201,1.424
6.950,0.107,6.153E-3,1.477,0.252,1.498
6.967,0.134,1.175E-2,1.577,0.369,1.620
6.984,0.159,1.846E-2,1.292,0.369,1.344
7.000,0.177,2.405E-2,1.141,0.336,1.189
7.017,0.197,2.964E-2,1.309,0.470,1.391
7.034,0.221,3.971E-2,1.158,0.419,1.231
7.050,0.236,4.363E-2,1.024,0.319,1.072
7.067,0.255,5.034E-2,1.074,0.436,1.159
7.084,0.272,5.817E-2,0.956,0.470,1.066
7.100,0.287,6.600E-2,0.778,0.473,0.910
7.117,0.298,7.383E-2,0.604,0.419,0.735
7.134,0.307,7.998E-2,0.666,0.416,0.786
7.150,0.320,8.781E-2,0.637,0.419,0.763
7.167,0.328,9.397E-2,0.369,0.201,0.420
7.184,0.332,9.453E-2,0.302,0.151,0.338
7.200,0.338,9.900E-2,0.268,0.235,0.357
7.217,0.341,0.102,0.151,0.117,0.191
7.234,0.343,0.103,0.151,5.034E-2,0.159
7.250,0.346,0.104,,,
