t,x,y,vx,vy,v,
0.000,0.127,1.609E-2,,,
0.017,0.127,1.609E-2,-0.193,-0.193,0.273
0.033,0.120,9.655E-3,-0.257,-0.289,0.387
0.050,0.118,6.437E-3,-9.652E-2,-0.129,0.161
0.067,0.117,5.364E-3,-0.193,-3.225E-2,0.196
0.083,0.112,5.364E-3,-0.225,0.000,0.225
0.100,0.109,5.364E-3,-0.193,0.000,0.193
0.117,0.105,5.364E-3,-0.290,-6.437E-2,0.297
0.133,9.977E-2,3.218E-3,-0.386,-9.655E-2,0.398
0.150,9.226E-2,2.146E-3,-0.418,-3.218E-2,0.420
0.167,8.582E-2,2.146E-3,-0.386,3.218E-2,0.388
0.183,7.939E-2,3.218E-3,-0.322,3.218E-2,0.323
0.200,7.509E-2,3.218E-3,-0.386,-3.218E-2,0.388
0.217,6.651E-2,2.146E-3,-0.644,-3.218E-2,0.644
0.233,5.364E-2,2.146E-3,-0.483,-3.218E-2,0.484
0.250,5.042E-2,1.073E-3,-0.354,0.000,0.354
0.267,4.184E-2,2.146E-3,-0.708,-6.437E-2,0.711
0.283,2.682E-2,-1.073E-3,-0.579,-0.129,0.593
0.300,2.253E-2,-2.146E-3,-0.322,-3.218E-2,0.323
0.317,1.609E-2,-2.146E-3,-0.451,6.437E-2,0.455
0.333,7.509E-3,0.000,-0.644,3.218E-2,0.644
0.350,-5.364E-3,-1.073E-3,-0.547,-9.655E-2,0.556
0.367,-1.073E-2,-3.218E-3,-0.418,0.000,0.418
0.383,-1.931E-2,-1.073E-3,-0.515,9.655E-2,0.524
0.400,-2.789E-2,0.000,-0.515,3.218E-2,0.516
0.417,-3.647E-2,0.000,-0.805,0.000,0.805
0.433,-5.471E-2,0.000,-0.515,3.218E-2,0.516
0.450,-5.364E-2,1.073E-3,-0.225,9.652E-2,0.245
0.467,-6.222E-2,3.218E-3,-0.483,0.161,0.509
0.483,-6.973E-2,6.437E-3,-0.418,9.655E-2,0.429
0.500,-7.617E-2,6.437E-3,-0.321,3.206E-2,0.322
0.517,-8.046E-2,7.509E-3,-0.289,9.639E-2,0.305
0.533,-8.582E-2,9.655E-3,-0.291,0.129,0.318
0.550,-9.011E-2,1.180E-2,-0.354,9.668E-2,0.367
0.567,-9.762E-2,1.287E-2,-0.322,3.218E-2,0.323
0.583,-0.101,1.287E-2,-0.161,3.218E-2,0.164
0.600,-0.103,1.395E-2,-0.193,0.000,0.193
0.617,-0.107,1.287E-2,-0.193,-3.218E-2,0.196
0.633,-0.109,1.287E-2,-0.258,0.000,0.258
0.650,-0.116,1.287E-2,-0.193,0.000,0.193
0.667,-0.116,1.287E-2,6.422E-2,3.211E-2,7.180E-2
0.683,-0.114,1.395E-2,0.129,3.218E-2,0.133
0.700,-0.112,1.395E-2,6.437E-2,0.000,6.437E-2
0.717,-0.112,1.395E-2,3.218E-2,-3.218E-2,4.551E-2
0.733,-0.110,1.287E-2,6.437E-2,-3.218E-2,7.196E-2
0.750,-0.109,1.287E-2,0.129,-0.129,0.182
0.767,-0.106,8.582E-3,0.129,-0.129,0.182
0.783,-0.105,8.582E-3,0.161,-3.218E-2,0.164
0.800,-0.101,7.509E-3,0.225,-3.218E-2,0.228
0.817,-9.762E-2,7.509E-3,0.225,0.000,0.225
0.833,-9.333E-2,7.509E-3,0.290,0.000,0.290
0.850,-8.797E-2,7.509E-3,0.257,6.437E-2,0.265
0.867,-8.475E-2,9.655E-3,0.354,6.437E-2,0.360
0.883,-7.617E-2,9.655E-3,0.483,-6.437E-2,0.487
0.900,-6.866E-2,7.509E-3,0.386,-9.655E-2,0.398
0.917,-6.329E-2,6.437E-3,0.386,-9.655E-2,0.398
0.933,-5.578E-2,4.291E-3,0.579,-6.437E-2,0.583
0.950,-4.398E-2,4.291E-3,0.515,-3.218E-2,0.516
0.967,-3.862E-2,3.218E-3,0.322,-6.437E-2,0.328
0.983,-3.326E-2,2.146E-3,0.515,-9.655E-2,0.524
1.000,-2.146E-2,0.000,0.483,-6.437E-2,0.487
1.017,-1.716E-2,0.000,0.611,-9.655E-2,0.619
1.033,-1.073E-3,-3.218E-3,0.676,-0.161,0.695
1.050,5.364E-3,-5.364E-3,0.354,-9.655E-2,0.367
1.067,1.073E-2,-6.437E-3,0.418,0.000,0.418
1.083,1.931E-2,-5.364E-3,0.515,0.129,0.531
1.100,2.789E-2,-2.146E-3,0.515,9.655E-2,0.524
1.117,3.647E-2,-2.146E-3,0.483,-3.218E-2,0.484
1.133,4.398E-2,-3.218E-3,0.451,3.218E-2,0.452
1.150,5.149E-2,-1.073E-3,0.483,9.655E-2,0.492
1.167,6.008E-2,0.000,0.579,0.000,0.579
1.183,7.080E-2,-1.073E-3,0.451,6.437E-2,0.455
1.200,7.509E-2,2.146E-3,0.515,0.129,0.531
1.217,8.797E-2,3.218E-3,0.483,3.218E-2,0.484
1.233,9.119E-2,3.218E-3,0.161,3.218E-2,0.164
1.250,9.333E-2,4.291E-3,0.225,6.437E-2,0.234
1.267,9.870E-2,5.364E-3,0.386,6.437E-2,0.392
1.283,0.106,6.437E-3,0.322,9.655E-2,0.336
1.300,0.109,8.582E-3,0.290,9.652E-2,0.305
1.317,0.116,9.655E-3,0.257,3.217E-2,0.259
1.333,0.118,9.655E-3,0.161,0.000,0.161
1.350,0.121,9.655E-3,0.161,0.000,0.161
1.367,0.123,9.655E-3,0.129,0.000,0.129
1.383,0.126,9.655E-3,0.161,0.000,0.161
1.400,0.129,9.655E-3,9.655E-2,0.000,9.655E-2
1.417,0.129,9.655E-3,0.000,0.000,0.000
1.433,0.129,9.655E-3,0.000,-9.655E-2,9.655E-2
1.450,0.129,6.437E-3,-9.655E-2,-9.655E-2,0.137
1.467,0.126,6.437E-3,-0.129,0.000,0.129
1.483,0.124,6.437E-3,-0.161,0.000,0.161
1.500,0.120,6.437E-3,-0.193,3.218E-2,0.196
1.517,0.118,7.509E-3,-0.257,3.218E-2,0.259
1.533,0.112,7.509E-3,-0.193,-3.218E-2,0.196
1.550,0.112,6.437E-3,-9.655E-2,-3.218E-2,0.102
1.567,0.108,6.437E-3,-0.257,-6.437E-2,0.265
1.583,0.103,4.291E-3,-0.354,-3.218E-2,0.355
1.600,9.655E-2,5.364E-3,-0.354,3.218E-2,0.355
1.617,9.119E-2,5.364E-3,-0.386,0.000,0.386
1.633,8.368E-2,5.364E-3,-0.322,-3.218E-2,0.323
1.650,8.046E-2,4.291E-3,-0.451,-6.437E-2,0.455
1.667,6.866E-2,3.218E-3,-0.547,-9.655E-2,0.556
1.683,6.222E-2,1.073E-3,-0.451,-6.437E-2,0.455
1.700,5.364E-2,1.073E-3,-0.676,-6.437E-2,0.679
1.717,3.969E-2,-1.073E-3,-0.644,-9.655E-2,0.651
1.733,3.218E-2,-2.146E-3,-0.225,-3.218E-2,0.228
1.750,3.218E-2,-2.146E-3,-0.354,3.218E-2,0.355
1.767,2.038E-2,-1.073E-3,-0.611,6.437E-2,0.615
1.783,1.180E-2,0.000,-0.418,0.000,0.418
1.800,6.437E-3,-1.073E-3,-0.483,-6.437E-2,0.487
1.817,-4.291E-3,-2.146E-3,-0.676,0.000,0.676
1.833,-1.609E-2,-1.073E-3,-0.483,6.437E-2,0.487
1.850,-2.038E-2,0.000,-0.579,0.129,0.593
1.867,-3.540E-2,3.218E-3,-0.644,0.129,0.656
1.883,-4.184E-2,4.291E-3,-0.386,0.000,0.386
1.900,-4.828E-2,3.218E-3,-0.418,-9.655E-2,0.429
1.917,-5.578E-2,1.073E-3,-0.483,-6.437E-2,0.487
1.933,-6.437E-2,1.073E-3,-0.354,3.218E-2,0.355
1.950,-6.759E-2,2.146E-3,-0.290,9.655E-2,0.305
1.967,-7.402E-2,4.291E-3,-0.354,6.437E-2,0.360
1.983,-7.939E-2,4.291E-3,-0.354,6.437E-2,0.360
2.000,-8.582E-2,6.437E-3,-0.322,9.655E-2,0.336
2.017,-9.011E-2,7.509E-3,-0.354,3.218E-2,0.355
2.033,-9.762E-2,7.509E-3,-0.418,6.437E-2,0.423
2.050,-0.104,9.655E-3,-0.193,9.655E-2,0.216
2.067,-0.104,1.073E-2,-9.655E-2,6.437E-2,0.116
2.083,-0.107,1.180E-2,-9.655E-2,3.218E-2,0.102
2.100,-0.107,1.180E-2,-9.655E-2,3.218E-2,0.102
2.117,-0.110,1.287E-2,-0.161,3.218E-2,0.164
2.133,-0.113,1.287E-2,-6.437E-2,3.218E-2,7.196E-2
2.150,-0.113,1.395E-2,0.000,3.218E-2,3.218E-2
2.167,-0.113,1.395E-2,3.218E-2,-9.655E-2,0.102
2.183,-0.112,1.073E-2,-6.437E-2,-3.218E-2,7.196E-2
2.200,-0.115,1.287E-2,-3.218E-2,9.655E-2,0.102
2.217,-0.113,1.395E-2,0.257,3.218E-2,0.259
2.233,-0.106,1.395E-2,0.322,-6.437E-2,0.328
2.250,-0.102,1.180E-2,0.257,-9.655E-2,0.275
2.267,-9.762E-2,1.073E-2,0.193,-6.437E-2,0.204
2.283,-9.548E-2,9.655E-3,0.225,0.000,0.225
2.300,-9.011E-2,1.073E-2,0.257,3.218E-2,0.259
2.317,-8.690E-2,1.073E-2,0.354,-0.193,0.403
2.333,-7.831E-2,4.291E-3,0.418,-0.257,0.491
2.350,-7.295E-2,2.146E-3,0.418,-9.645E-2,0.429
2.367,-6.437E-2,1.073E-3,0.418,-6.435E-2,0.423
2.383,-5.900E-2,0.000,0.419,-3.220E-2,0.420
2.400,-5.042E-2,0.000,0.515,-3.218E-2,0.516
2.417,-4.184E-2,-1.073E-3,0.483,-9.655E-2,0.492
2.433,-3.433E-2,-3.218E-3,0.451,-6.437E-2,0.455
2.450,-2.682E-2,-3.218E-3,0.483,6.437E-2,0.487
2.467,-1.824E-2,-1.073E-3,0.515,3.218E-2,0.516
2.483,-9.655E-3,-2.146E-3,0.515,0.000,0.515
2.500,-1.073E-3,-1.073E-3,0.451,-3.218E-2,0.452
2.517,5.364E-3,-3.218E-3,0.451,-6.437E-2,0.455
2.533,1.395E-2,-3.218E-3,0.611,0.000,0.611
2.550,2.575E-2,-3.218E-3,0.611,3.218E-2,0.612
2.567,3.433E-2,-2.146E-3,0.386,3.218E-2,0.388
2.583,3.862E-2,-2.146E-3,0.483,0.000,0.483
2.600,5.042E-2,-2.146E-3,0.611,-3.218E-2,0.612
2.617,5.900E-2,-3.218E-3,0.322,-6.437E-2,0.328
2.633,6.115E-2,-4.291E-3,0.354,9.655E-2,0.367
2.650,7.080E-2,0.000,0.611,0.193,0.641
2.667,8.153E-2,2.146E-3,0.451,6.437E-2,0.455
2.683,8.582E-2,2.146E-3,0.257,0.000,0.257
2.700,9.011E-2,2.146E-3,0.322,0.000,0.322
2.717,9.655E-2,2.146E-3,0.354,0.000,0.354
2.733,0.102,2.146E-3,0.354,3.218E-2,0.355
2.750,0.108,3.218E-3,0.386,3.218E-2,0.388
2.767,0.115,3.218E-3,0.322,3.218E-2,0.323
2.783,0.119,4.291E-3,0.225,6.437E-2,0.234
2.800,0.122,5.364E-3,0.193,9.655E-2,0.216
2.817,0.126,7.509E-3,0.161,3.218E-2,0.164
2.833,0.128,6.437E-3,0.204,1.973E-2,0.205
2.850,0.132,8.167E-3,6.705E-2,0.142,0.157
2.867,0.130,1.118E-2,-0.139,7.682E-2,0.159
2.883,0.128,1.073E-2,-6.705E-2,-1.348E-2,6.839E-2
2.900,0.128,1.073E-2,-3.218E-2,0.000,3.218E-2
2.917,0.127,1.073E-2,-0.129,-6.437E-2,0.144
2.933,0.123,8.582E-3,-0.161,-9.655E-2,0.188
2.950,0.121,7.509E-3,-0.113,3.218E-2,0.117
2.967,0.120,9.655E-3,-0.129,1.609E-2,0.130
2.983,0.117,8.046E-3,-0.161,-1.609E-2,0.162
3.000,0.114,9.119E-3,-0.225,0.000,0.225
3.017,0.109,8.046E-3,-0.290,-6.435E-2,0.297
3.033,0.105,6.973E-3,-0.322,-0.129,0.346
3.050,9.870E-2,3.755E-3,-0.338,-0.113,0.356
3.067,9.333E-2,3.218E-3,-0.386,-3.218E-2,0.388
3.083,8.582E-2,2.682E-3,-0.418,-1.609E-2,0.419
3.100,7.939E-2,2.682E-3,-0.402,-0.113,0.418
3.117,7.241E-2,-1.073E-3,-0.402,-3.218E-2,0.404
3.133,6.598E-2,1.609E-3,-0.418,1.609E-2,0.419
3.150,5.847E-2,-5.364E-4,-0.434,-9.655E-2,0.445
3.167,5.149E-2,-1.609E-3,-0.515,-4.828E-2,0.517
3.183,4.130E-2,-2.146E-3,-0.515,0.000,0.515
3.200,3.433E-2,-1.609E-3,-0.483,1.609E-2,0.483
3.217,2.521E-2,-1.609E-3,-0.611,0.000,0.611
3.233,1.395E-2,-1.609E-3,-0.531,0.000,0.531
3.250,7.509E-3,-1.609E-3,-0.676,0.000,0.676
3.267,-8.582E-3,-1.609E-3,-0.579,0.000,0.579
3.283,-1.180E-2,-1.609E-3,-0.209,-1.609E-2,0.210
3.300,-1.556E-2,-2.146E-3,-0.483,-4.828E-2,0.485
3.317,-2.789E-2,-3.218E-3,-0.805,4.828E-2,0.806
3.333,-4.237E-2,-5.364E-4,-0.628,0.113,0.638
3.350,-4.881E-2,5.364E-4,-0.274,6.437E-2,0.281
3.367,-5.149E-2,1.609E-3,-0.402,8.038E-2,0.410
3.383,-6.222E-2,3.218E-3,-0.547,6.437E-2,0.551
3.400,-6.973E-2,3.755E-3,-0.386,8.046E-2,0.394
3.417,-7.509E-2,5.900E-3,-0.274,6.437E-2,0.281
3.433,-7.885E-2,5.900E-3,-0.258,-1.611E-2,0.258
3.450,-8.368E-2,5.364E-3,-0.402,8.043E-2,0.410
3.467,-9.226E-2,8.582E-3,-0.337,0.112,0.356
3.483,-9.494E-2,9.119E-3,-0.146,4.868E-2,0.154
3.500,-9.709E-2,1.019E-2,-0.191,9.572E-2,0.214
3.517,-0.101,1.234E-2,-0.255,4.786E-2,0.260
3.533,-0.106,1.180E-2,-0.146,-1.623E-2,0.147
3.550,-0.106,1.180E-2,-0.113,-1.609E-2,0.114
3.567,-0.109,1.126E-2,-0.193,1.609E-2,0.194
3.583,-0.113,1.234E-2,-9.655E-2,3.218E-2,0.102
3.600,-0.113,1.234E-2,-1.035E-14,0.000,1.035E-14
3.617,-0.113,1.234E-2,0.000,0.000,0.000
3.633,-0.113,1.234E-2,6.432E-2,-3.216E-2,7.192E-2
3.650,-0.110,1.126E-2,0.113,-3.217E-2,0.117
3.667,-0.109,1.126E-2,0.129,-1.610E-2,0.130
3.683,-0.106,1.073E-2,0.145,-1.609E-2,0.146
3.700,-0.104,1.073E-2,0.145,0.000,0.145
3.717,-0.101,1.073E-2,0.129,0.000,0.129
3.733,-9.977E-2,1.073E-2,0.242,-3.220E-2,0.244
3.750,-9.333E-2,9.655E-3,0.434,-9.655E-2,0.445
3.767,-8.529E-2,7.509E-3,0.418,-0.145,0.442
3.783,-7.939E-2,4.828E-3,0.418,-0.113,0.433
3.800,-7.134E-2,3.755E-3,0.387,-6.450E-2,0.392
3.817,-6.651E-2,2.682E-3,0.257,0.000,0.257
3.833,-6.276E-2,3.755E-3,0.306,1.609E-2,0.306
3.850,-5.632E-2,3.218E-3,0.547,0.000,0.547
3.867,-4.452E-2,3.755E-3,0.579,0.000,0.579
3.883,-3.701E-2,3.218E-3,0.418,-6.437E-2,0.423
3.900,-3.057E-2,1.609E-3,0.338,-8.046E-2,0.347
3.917,-2.575E-2,5.364E-4,0.434,-4.828E-2,0.437
3.933,-1.609E-2,0.000,0.629,-8.059E-2,0.634
3.950,-4.828E-3,-2.146E-3,0.660,-4.826E-2,0.661
3.967,5.900E-3,-1.609E-3,0.624,-3.201E-2,0.625
3.983,1.609E-2,-3.218E-3,0.466,0.000,0.466
4.000,2.146E-2,-1.609E-3,0.337,3.208E-2,0.338
4.017,2.736E-2,-2.146E-3,0.467,3.224E-2,0.469
4.033,3.701E-2,-5.364E-4,0.567,4.857E-2,0.569
4.050,4.613E-2,-5.364E-4,0.499,4.828E-2,0.501
4.067,5.364E-2,1.073E-3,0.419,8.049E-2,0.426
4.083,6.008E-2,2.146E-3,0.451,1.609E-2,0.451
4.100,6.866E-2,1.609E-3,0.434,4.828E-2,0.437
4.117,7.456E-2,3.755E-3,0.467,9.655E-2,0.477
4.133,8.421E-2,4.828E-3,0.370,1.608E-2,0.370
4.150,8.690E-2,4.291E-3,0.274,3.218E-2,0.275
4.167,9.333E-2,5.900E-3,0.370,8.054E-2,0.379
4.183,9.923E-2,6.973E-3,0.273,6.428E-2,0.281
4.200,0.102,8.046E-3,0.177,3.218E-2,0.180
4.217,0.105,8.046E-3,0.177,3.227E-2,0.180
4.233,0.108,9.119E-3,0.209,6.430E-2,0.219
4.250,0.112,1.019E-2,0.225,6.426E-2,0.234
4.267,0.116,1.126E-2,0.193,6.441E-2,0.204
4.283,0.119,1.234E-2,0.274,4.828E-2,0.278
4.300,0.125,1.287E-2,0.225,1.609E-2,0.226
4.317,0.126,1.287E-2,1.609E-2,0.000,1.609E-2
4.333,0.126,1.287E-2,-8.046E-2,-1.609E-2,8.205E-2
4.350,0.123,1.234E-2,-9.655E-2,-3.218E-2,0.102
4.367,0.122,1.180E-2,-9.655E-2,-1.609E-2,9.788E-2
4.383,0.120,1.180E-2,-9.655E-2,0.000,9.655E-2
4.400,0.119,1.180E-2,-9.655E-2,-4.828E-2,0.108
4.417,0.117,1.019E-2,-0.161,-9.655E-2,0.188
4.433,0.114,8.582E-3,-0.192,-4.808E-2,0.198
4.450,0.110,8.582E-3,-0.161,0.000,0.161
4.467,0.108,8.582E-3,-0.194,0.000,0.194
4.483,0.104,8.582E-3,-0.354,-1.609E-2,0.354
4.500,9.655E-2,8.046E-3,-0.370,-8.046E-2,0.379
4.517,9.172E-2,5.900E-3,-0.338,-9.655E-2,0.351
4.533,8.529E-2,4.828E-3,-0.322,-6.437E-2,0.328
4.550,8.100E-2,3.755E-3,-0.434,-4.828E-2,0.437
4.567,7.080E-2,3.218E-3,-0.517,-4.849E-2,0.519
4.584,6.383E-2,2.146E-3,-0.370,-3.217E-2,0.371
4.600,5.847E-2,2.146E-3,-0.320,-1.602E-2,0.321
4.617,5.310E-2,1.609E-3,-0.515,-8.046E-2,0.521
4.634,4.130E-2,-5.364E-4,-0.628,-8.046E-2,0.633
4.650,3.218E-2,-1.073E-3,-0.451,0.000,0.451
4.667,2.628E-2,-5.364E-4,-0.515,1.608E-2,0.515
4.684,1.502E-2,-5.364E-4,-0.515,-4.826E-2,0.517
4.700,9.119E-3,-2.146E-3,-0.499,-4.829E-2,0.501
4.717,-1.609E-3,-2.146E-3,-0.531,4.831E-2,0.534
4.734,-8.582E-3,-5.364E-4,-0.499,8.046E-2,0.505
4.750,-1.824E-2,5.364E-4,-0.531,3.216E-2,0.532
4.767,-2.628E-2,5.364E-4,-0.628,1.609E-2,0.628
4.784,-3.916E-2,1.073E-3,-0.628,0.000,0.628
4.800,-4.720E-2,5.364E-4,-0.402,3.218E-2,0.404
4.817,-5.257E-2,2.146E-3,-0.402,0.113,0.418
4.834,-6.061E-2,4.291E-3,-0.434,9.655E-2,0.445
4.850,-6.705E-2,5.364E-3,-0.467,4.828E-2,0.469
4.867,-7.617E-2,5.900E-3,-0.418,3.218E-2,0.420
4.884,-8.100E-2,6.437E-3,-0.402,6.437E-2,0.407
4.900,-8.958E-2,8.046E-3,-0.418,8.046E-2,0.426
4.917,-9.494E-2,9.119E-3,-0.274,6.437E-2,0.281
4.934,-9.870E-2,1.019E-2,-0.129,3.218E-2,0.133
4.950,-9.923E-2,1.019E-2,-0.241,-1.609E-2,0.242
4.967,-0.107,9.655E-3,-0.306,1.610E-2,0.306
4.984,-0.109,1.073E-2,-0.209,6.437E-2,0.219
5.000,-0.114,1.180E-2,-0.150,3.344E-2,0.154
5.017,-0.114,1.180E-2,-9.652E-2,1.609E-2,9.785E-2
5.034,-0.117,1.234E-2,-0.124,9.299E-2,0.155
5.050,-0.119,1.502E-2,-8.046E-2,4.828E-2,9.383E-2
5.067,-0.120,1.395E-2,0.000,-3.218E-2,3.218E-2
5.084,-0.119,1.395E-2,4.828E-2,-1.609E-2,5.089E-2
5.100,-0.118,1.341E-2,4.828E-2,-1.609E-2,5.089E-2
5.117,-0.117,1.341E-2,8.046E-2,-1.609E-2,8.205E-2
5.134,-0.115,1.287E-2,0.113,-3.218E-2,0.117
5.150,-0.113,1.234E-2,0.161,-4.828E-2,0.168
5.167,-0.110,1.126E-2,0.209,-4.828E-2,0.215
5.184,-0.106,1.073E-2,0.209,-1.609E-2,0.210
5.200,-0.103,1.073E-2,0.241,-1.609E-2,0.242
5.217,-9.816E-2,1.019E-2,0.274,-3.218E-2,0.275
5.234,-9.387E-2,9.655E-3,0.257,-4.828E-2,0.262
5.250,-8.958E-2,8.582E-3,0.418,-9.655E-2,0.429
5.267,-7.992E-2,6.437E-3,0.515,-9.655E-2,0.524
5.284,-7.241E-2,5.364E-3,0.499,-0.113,0.511
5.300,-6.329E-2,2.682E-3,0.499,-8.046E-2,0.505
5.317,-5.578E-2,2.682E-3,0.418,-3.218E-2,0.420
5.334,-4.935E-2,1.609E-3,0.563,-9.655E-2,0.571
5.350,-3.701E-2,-5.364E-4,0.869,-0.113,0.876
5.367,-2.038E-2,-2.146E-3,0.628,-3.218E-2,0.628
5.384,-1.609E-2,-1.609E-3,0.257,1.609E-2,0.258
5.400,-1.180E-2,-1.609E-3,0.418,-4.828E-2,0.421
5.417,-2.146E-3,-3.218E-3,0.628,-6.437E-2,0.631
5.434,9.119E-3,-3.755E-3,0.627,0.000,0.627
5.450,1.877E-2,-3.218E-3,0.563,1.609E-2,0.563
5.467,2.789E-2,-3.218E-3,0.435,4.832E-2,0.438
5.484,3.326E-2,-1.609E-3,0.499,9.655E-2,0.508
5.500,4.452E-2,0.000,0.531,3.218E-2,0.532
5.517,5.096E-2,-5.364E-4,0.209,-1.609E-2,0.210
5.534,5.149E-2,-5.364E-4,0.499,3.218E-2,0.500
5.550,6.759E-2,5.364E-4,0.660,6.437E-2,0.663
5.567,7.349E-2,1.609E-3,0.322,3.218E-2,0.323
5.584,7.831E-2,1.609E-3,0.370,-3.218E-2,0.372
5.600,8.582E-2,5.364E-4,0.418,3.218E-2,0.420
5.617,9.226E-2,2.682E-3,0.467,9.655E-2,0.477
5.634,0.101,3.755E-3,0.354,3.218E-2,0.355
5.650,0.104,3.755E-3,0.161,4.823E-2,0.168
5.667,0.107,5.364E-3,0.209,8.046E-2,0.224
5.684,0.111,6.437E-3,0.242,3.222E-2,0.244
5.700,0.115,6.437E-3,0.306,4.824E-2,0.309
5.717,0.121,8.046E-3,0.322,6.435E-2,0.328
5.734,0.126,8.582E-3,9.658E-2,3.219E-2,0.102
5.750,0.124,9.119E-3,4.828E-2,1.609E-2,5.089E-2
5.767,0.127,9.119E-3,0.113,0.000,0.113
5.784,0.128,9.119E-3,6.437E-2,1.609E-2,6.635E-2
5.800,0.129,9.655E-3,3.218E-2,3.218E-2,4.551E-2
5.817,0.129,1.019E-2,-9.655E-2,0.000,9.655E-2
5.834,0.126,9.655E-3,-0.145,-1.609E-2,0.146
5.850,0.124,9.655E-3,-9.655E-2,-1.609E-2,9.788E-2
5.867,0.123,9.119E-3,-0.113,-3.218E-2,0.117
5.884,0.121,8.582E-3,-0.370,-3.218E-2,0.372
5.900,0.110,8.046E-3,-0.579,1.609E-2,0.580
5.917,0.101,9.119E-3,-0.209,-8.046E-2,0.224
5.934,0.104,5.364E-3,-0.257,-0.113,0.281
5.950,9.280E-2,5.364E-3,-0.483,-3.218E-2,0.484
5.967,8.743E-2,4.291E-3,-0.177,-3.219E-2,0.180
5.984,8.690E-2,4.291E-3,-0.306,0.000,0.306
6.000,7.724E-2,4.291E-3,-0.354,-1.608E-2,0.354
6.017,7.509E-2,3.755E-3,-0.257,-1.607E-2,0.258
6.034,6.866E-2,3.755E-3,-0.338,-3.218E-2,0.339
6.050,6.383E-2,2.682E-3,-0.403,-6.445E-2,0.408
6.067,5.525E-2,1.609E-3,-0.483,-3.218E-2,0.484
6.084,4.774E-2,1.609E-3,-0.338,-1.609E-2,0.338
6.100,4.398E-2,1.073E-3,-0.434,-8.046E-2,0.442
6.117,3.326E-2,-1.073E-3,-0.579,-1.609E-2,0.580
6.134,2.467E-2,5.364E-4,-0.499,6.437E-2,0.503
6.150,1.663E-2,1.073E-3,-0.563,0.000,0.563
6.167,5.900E-3,5.364E-4,-0.531,-3.218E-2,0.532
6.184,-1.073E-3,0.000,-0.354,-1.609E-2,0.354
6.200,-5.900E-3,0.000,-0.371,3.227E-2,0.373
6.217,-1.341E-2,1.073E-3,-0.627,8.043E-2,0.633
6.234,-2.682E-2,2.682E-3,-0.578,4.813E-2,0.580
6.250,-3.272E-2,2.682E-3,-0.354,0.000,0.354
6.267,-3.862E-2,2.682E-3,-0.547,0.000,0.547
6.284,-5.096E-2,2.682E-3,-0.579,3.217E-2,0.580
6.300,-5.793E-2,3.755E-3,-0.499,6.437E-2,0.503
6.317,-6.759E-2,4.828E-3,-0.354,4.828E-2,0.357
6.334,-6.973E-2,5.364E-3,-0.273,3.217E-2,0.275
6.350,-7.670E-2,5.900E-3,-0.338,4.828E-2,0.341
6.367,-8.100E-2,6.973E-3,-0.306,9.655E-2,0.321
6.384,-8.690E-2,9.119E-3,-0.418,4.828E-2,0.421
6.400,-9.494E-2,8.582E-3,-0.402,0.000,0.402
6.417,-0.100,9.119E-3,-0.257,4.828E-2,0.262
6.434,-0.104,1.019E-2,-0.145,4.828E-2,0.153
6.450,-0.105,1.073E-2,-0.160,3.202E-2,0.163
6.467,-0.109,1.126E-2,-0.145,3.218E-2,0.148
6.484,-0.110,1.180E-2,-9.704E-2,3.235E-2,0.102
6.500,-0.112,1.234E-2,-0.145,3.218E-2,0.148
6.517,-0.115,1.287E-2,-9.645E-2,1.608E-2,9.778E-2
6.534,-0.115,1.287E-2,1.034E-14,0.000,1.034E-14
6.550,-0.115,1.287E-2,6.441E-2,0.000,6.441E-2
6.567,-0.113,1.287E-2,0.129,-3.218E-2,0.133
6.584,-0.110,1.180E-2,0.113,-4.828E-2,0.123
6.600,-0.109,1.126E-2,0.129,-3.218E-2,0.133
6.617,-0.106,1.073E-2,0.161,-1.609E-2,0.162
6.634,-0.104,1.073E-2,0.161,0.000,0.161
6.650,-0.101,1.073E-2,0.241,-1.609E-2,0.242
6.667,-9.601E-2,1.019E-2,0.354,-6.437E-2,0.360
6.684,-8.904E-2,8.582E-3,0.418,-4.828E-2,0.421
6.700,-8.207E-2,8.582E-3,0.467,-8.046E-2,0.474
6.717,-7.349E-2,5.900E-3,0.418,-0.129,0.438
6.734,-6.812E-2,4.291E-3,0.322,-9.658E-2,0.336
6.750,-6.276E-2,2.682E-3,0.322,-4.828E-2,0.325
6.767,-5.739E-2,2.682E-3,0.370,3.217E-2,0.371
6.784,-5.042E-2,3.755E-3,0.434,3.218E-2,0.436
6.800,-4.291E-2,3.755E-3,0.499,-8.046E-2,0.505
6.817,-3.379E-2,1.073E-3,0.531,-0.177,0.560
6.834,-2.521E-2,-2.146E-3,0.531,-9.655E-2,0.540
6.850,-1.609E-2,-2.146E-3,0.386,-1.609E-2,0.387
6.867,-1.234E-2,-2.682E-3,0.370,0.000,0.370
6.884,-3.755E-3,-2.146E-3,0.557,1.590E-2,0.557
6.900,6.437E-3,-2.146E-3,0.488,1.574E-2,0.488
6.917,1.287E-2,-1.609E-3,0.342,1.629E-2,0.342
6.934,1.770E-2,-1.609E-3,0.642,3.293E-2,0.643
6.950,3.379E-2,-5.364E-4,0.772,3.218E-2,0.773
6.967,4.345E-2,-5.364E-4,0.434,1.609E-2,0.435
6.984,4.828E-2,0.000,0.257,3.218E-2,0.259
7.000,5.203E-2,5.364E-4,0.386,3.218E-2,0.388
7.017,6.115E-2,1.073E-3,0.531,1.608E-2,0.531
7.034,6.973E-2,1.073E-3,0.611,8.046E-2,0.617
7.050,8.153E-2,3.755E-3,0.499,9.661E-2,0.508
7.067,8.636E-2,4.291E-3,0.241,3.218E-2,0.244
7.084,8.958E-2,4.828E-3,0.290,4.828E-2,0.294
7.100,9.601E-2,5.900E-3,0.290,6.437E-2,0.297
